[array([[ 0.84237841,  0.44275801, -0.71891642, ..., -0.62521822,
        -0.98029821,  0.80965497],
       [-0.48999013, -0.11639592,  0.54041534, ...,  0.37353809,
        -0.38908044,  0.6849153 ],
       [-0.64097521,  0.53288913,  0.7897801 , ...,  0.81684026,
        -0.12633454, -0.68945709],
       ...,
       [ 0.88074075,  0.19436623, -0.63865911, ..., -0.80246755,
        -0.56180768,  0.30613133],
       [ 0.99663598,  0.98223514,  0.18937633, ...,  0.21101646,
         0.37700301, -0.86450019],
       [-0.3286232 ,  0.0853336 , -0.5117552 , ..., -0.00854493,
        -0.83128533,  0.05283898]]), array([[ 6.77442154e-01, -9.63531537e-01, -1.34575026e+00,
        -1.20619964e+00, -5.95772822e-01,  1.34493876e-01,
        -1.34481889e+00, -2.90720082e-01,  9.65038172e-02,
         1.18843141e+00, -5.06106914e-01, -1.68719502e+00,
         3.90613338e-01,  1.85577883e+00,  1.53673753e+00,
         6.65731382e-01],
       [ 1.34760275e+00, -1.30623676e-01,  7.06692763e-01,
         1.43244172e+00,  9.45265036e-01, -1.46774676e+00,
        -7.27227545e-01, -1.53439126e+00, -2.72837623e-01,
        -1.37156736e+00,  5.33213425e-01,  7.50974475e-01,
         1.01495048e+00, -6.49311949e-01,  1.00998737e+00,
        -7.59603085e-01],
       [ 1.27296743e+00, -1.35116052e+00,  7.56613799e-01,
         7.67671679e-02,  3.03048356e-01,  1.74333211e-01,
         3.06393430e-01, -8.60688205e-01, -4.85869862e-01,
        -1.20722897e+00,  1.38543412e+00,  2.48131303e-01,
        -1.06642900e-01,  1.03691712e+00, -1.17636022e+00,
         6.42584606e-02],
       [-5.36035996e-01, -2.30617185e-01,  1.47855682e+00,
         8.65485319e-01, -9.01856390e-02, -1.49874604e+00,
        -1.25965245e+00, -3.60833197e-01,  6.19912894e-02,
         1.60238834e+00,  5.47794345e-02, -8.19090716e-01,
         3.71546239e-01,  2.69879485e-01, -1.71569689e-01,
         7.21010637e-01],
       [ 8.83489498e-01, -6.64628293e-01, -1.71542480e-01,
         8.29027523e-01, -3.33302157e-01,  1.76392377e+00,
         5.33841693e-01,  7.68374495e-01,  2.12365177e-04,
         7.28177885e-01, -6.28993516e-01, -2.07911402e-01,
        -8.61197710e-01,  5.84365122e-01,  1.35340269e-02,
        -1.38446016e+00],
       [-8.37422699e-02,  7.36346777e-02, -3.00071183e-01,
        -6.96216936e-01, -5.79102481e-01, -1.98324231e+00,
         1.27293907e+00,  3.56989552e-01,  1.97517987e+00,
         7.93910004e-01, -6.11967808e-01, -8.65939572e-01,
         1.72112673e-01,  2.41472321e-01,  1.23175052e-01,
        -3.11168523e-01],
       [-2.02924315e+00,  5.75898628e-01, -8.69830817e-01,
         8.16864882e-01,  8.34078693e-01,  4.03042032e-01,
         5.79872677e-01, -1.03926027e+00,  2.66760481e-03,
        -6.64734883e-01, -1.31929110e+00,  1.17976276e+00,
        -7.82512339e-01, -6.24532636e-01, -1.39612102e+00,
        -6.51321078e-01],
       [-1.37819270e+00,  3.48907588e-02,  1.05659676e+00,
         1.29311253e+00, -6.70689949e-01, -8.63166759e-01,
        -2.08025956e-01, -1.12282067e+00, -8.61073231e-02,
         5.44185256e-01, -1.92112659e+00, -2.25020880e-01,
        -2.95828165e-01, -1.37990818e+00,  5.53653787e-01,
         3.48224131e-02],
       [ 1.50744615e+00,  6.71533658e-01,  1.56871566e+00,
         4.99719775e-01, -2.80308036e-01, -7.24768809e-01,
         8.02528751e-01, -1.99266184e+00, -1.78227817e+00,
        -2.32403533e-02, -1.41522441e+00, -8.65374664e-01,
         9.89558652e-01, -8.93303085e-01,  7.34963574e-01,
        -1.05626948e+00],
       [ 1.10158633e+00, -1.35524650e+00,  1.43395614e+00,
        -1.01665479e+00,  2.02936693e-01,  3.64227774e-01,
         8.78921740e-01,  1.62134809e+00,  2.27049122e+00,
        -1.07485373e+00,  5.55944470e-01, -4.39601803e-01,
        -6.05335234e-01, -1.77200899e-01,  7.50057975e-01,
        -1.03366208e+00],
       [-1.60181609e+00,  3.42101746e-01,  8.14253102e-01,
         2.99433069e-01,  4.73779148e-01,  4.08171550e-01,
        -1.78443337e+00,  1.80436556e+00,  1.07051125e+00,
         7.61643447e-01, -1.63561543e+00,  2.17702725e-01,
        -1.40754251e+00, -8.84836779e-01, -6.44348810e-01,
        -7.88827899e-01],
       [-2.41666649e-01,  3.46299765e-01, -1.46515002e-01,
        -1.39446472e-01, -4.02480527e-02, -8.98205495e-01,
        -1.58408510e-01,  1.22803128e+00,  1.91523139e-01,
        -1.01808976e+00, -4.72309325e-02, -1.73882279e-01,
         1.10942687e+00, -8.52546983e-01, -4.09558231e-01,
         9.31183495e-01],
       [ 2.36279185e-01, -1.21356654e-01, -9.68121926e-02,
         3.95812738e-01,  5.18695718e-01, -1.98591523e-01,
        -8.07498116e-01,  1.26410771e+00,  1.31855633e-01,
        -1.07011524e+00,  7.36413209e-01,  1.02596606e-01,
        -1.85633040e-01, -1.63005016e+00,  8.59364579e-01,
        -4.68526548e-02],
       [-5.99378301e-01, -7.71937245e-02,  3.93829858e-01,
         1.97032952e-01, -1.32177135e-01, -6.15924747e-01,
        -1.06269359e+00, -4.34965892e-01,  5.71370014e-01,
         9.79796909e-01,  8.98320346e-01,  3.04433369e-01,
         2.73616114e-01,  2.15704191e+00, -3.86677966e-01,
        -1.17969876e-02],
       [ 1.00700234e+00,  7.88061838e-01, -1.09370371e+00,
        -9.54635115e-01, -5.52248542e-01, -5.00313504e-01,
         1.42981992e-02,  8.27039227e-01, -1.11573717e+00,
        -3.43073473e-01, -8.66272268e-02, -1.39473377e+00,
        -9.22064762e-01, -2.15814159e+00,  5.86049988e-01,
         8.95306740e-01],
       [ 7.20962864e-01,  7.62033200e-01,  1.60742967e-01,
         7.05811679e-02, -1.40517555e+00,  4.39761834e-01,
         8.82644605e-01,  3.09472618e-01, -1.57507935e+00,
         4.63454045e-01,  8.17864266e-01,  2.59002388e-01,
        -1.28091291e-01, -1.97938948e+00, -1.42018846e+00,
         7.39949971e-02]]), array([[ 2.16143133, -1.25102789,  1.20514155, -2.1509532 , -0.39827711,
        -1.34392111, -2.42752493, -1.1780082 , -1.77137288,  2.20211176,
        -1.62332772, -0.95671878,  0.66433987, -0.80721819,  1.1322671 ,
        -0.377568  ],
       [-1.99862928,  1.68991245, -0.44994912,  1.0202886 ,  0.37986473,
        -0.603042  , -0.89472855,  1.37372715,  1.75504401, -1.34856921,
         1.14490682, -1.73005893, -0.92141971,  0.43117113, -1.67016165,
        -2.94237314],
       [-3.24171927, -1.64247837,  0.86996529, -0.23288412, -0.07381856,
        -0.45511426, -0.36629263, -1.21831882, -1.62036925,  2.16657075,
         1.36176222, -0.34979811,  0.2297727 ,  0.73208522, -2.12119074,
         0.84102494],
       [-1.42489789,  2.41424731,  0.38354754,  0.19016106, -1.9804578 ,
        -0.33941275,  0.38618182, -0.69068592, -1.25691269, -1.02442496,
        -2.58027878,  1.22532813,  0.50154084,  0.82698044, -1.14814979,
        -0.71915698],
       [ 0.84978344, -1.65702616, -1.86245009,  1.47497574, -1.55572806,
        -1.20600791, -0.32405161,  1.0345351 , -1.43581916, -1.64487422,
         2.57820565, -0.22722899, -0.0551971 , -1.09996548,  1.54404485,
         1.55995988],
       [ 1.38951561,  0.80790655, -0.28124185,  1.92917093, -1.03487701,
         1.11415516, -2.70328945, -1.63962783,  1.09787746,  0.27482931,
        -1.98326379, -0.14567348, -1.57337616,  0.89903371, -1.0439244 ,
        -0.05192862],
       [ 0.93578288, -1.179235  , -2.94571733, -0.45888782,  0.29256333,
         0.88651336,  0.21920609,  0.07298875, -2.76321041,  1.14305273,
         1.05969433, -0.71899042, -0.26223044, -0.42700069, -0.48800512,
        -2.54421344],
       [-2.09831228,  1.81468741, -0.59223335, -1.43738264,  0.00865254,
        -1.15016227, -0.46023036,  0.24364196,  1.94165963,  0.65300793,
        -1.18797973, -0.67020823,  0.40794799, -2.63546587,  0.36333404,
         1.39946644],
       [ 1.17058803, -1.53603417,  0.72968349, -0.4246509 ,  1.25653449,
        -1.48815036,  1.26128277, -0.96029228, -0.81833602, -1.79282994,
        -1.17824686, -1.74987517, -1.93100706,  1.1137707 , -1.56835981,
         0.2782482 ],
       [-1.77231051, -1.53086449, -1.73437781, -0.53657051, -1.14868838,
         1.70210414,  1.17457165,  0.47906181,  1.17201478, -0.17804329,
        -0.5649827 ,  0.09899808, -1.16618188, -1.90159198,  1.32206008,
         0.6407292 ]])]
[array([ 0.0699728 ,  0.01166953,  0.82196624,  1.05526506, -0.62956735,
        0.05768785, -0.29137496,  0.31586844, -0.08777097, -0.63655584,
        0.0798951 , -0.58720889, -0.06206418,  0.67528056, -0.28488254,
       -0.32608423]), array([ 1.24379913,  1.03869797,  0.62379884,  0.56975092,  0.16664258,
        0.80588742,  1.51411917,  1.48345141,  1.33837779,  0.8368499 ,
        0.20676937,  1.17757101,  0.73030116, -0.0205536 ,  1.18885809,
        0.23390688]), array([-1.59658407, -1.15359733, -1.41032739, -1.20632147, -1.92087072,
       -1.56055099, -0.45851738, -1.30934101, -0.34202281, -0.415513  ])]
0.9156752799454252
7624.169893741608 seconds
