7840016 7840016
0000000000000000000000000000
0000000000000000000000000000
0000000000000000000000000000
0000000000000000000000000000
0000000000000000000000000000
0000000000000000000000000000
0000000000000000000000000000
0000001111110000000000000000
0000001111111111111111000000
0000001111111111111111000000
0000000000011111111111000000
0000000000000000001111000000
0000000000000000011110000000
0000000000000000011110000000
0000000000000000111100000000
0000000000000000111100000000
0000000000000001111000000000
0000000000000001110000000000
0000000000000011110000000000
0000000000000111100000000000
0000000000001111100000000000
0000000000001111000000000000
0000000000011111000000000000
0000000000011110000000000000
0000000000111110000000000000
0000000000111110000000000000
0000000000111100000000000000
0000000000000000000000000000

0000000000000000000000000000
0000000000000000000000000000
0000000000000000000000000000
0000000000111111100000000000
0000000001111111110000000000
0000000011111111110000000000
0000000111111011110000000000
0000000111100011110000000000
0000000011000011110000000000
0000000000000111110000000000
0000000000001111100000000000
0000000000001111000000000000
0000000000011111000000000000
0000000000111110000000000000
0000000000111100000000000000
0000000001111100000000000000
0000000011111000000000000000
0000000011111000000000000000
0000000011110000000000000000
0000000011111111101111111110
0000000011111111111111111110
0000000011111111111111111110
0000000001111111111110000000
0000000000000000000000000000
0000000000000000000000000000
0000000000000000000000000000
0000000000000000000000000000
0000000000000000000000000000

0000000000000000000000000000
0000000000000000000000000000
0000000000000000000000000000
0000000000000000000000000000
0000000000000000111000000000
0000000000000000111000000000
0000000000000000110000000000
0000000000000001110000000000
0000000000000001110000000000
0000000000000001110000000000
0000000000000011100000000000
0000000000000011100000000000
0000000000000011100000000000
0000000000000111100000000000
0000000000000111000000000000
0000000000000111000000000000
0000000000001110000000000000
0000000000001110000000000000
0000000000001110000000000000
0000000000001110000000000000
0000000000011110000000000000
0000000000011110000000000000
0000000000111100000000000000
0000000000111100000000000000
0000000000000000000000000000
0000000000000000000000000000
0000000000000000000000000000
0000000000000000000000000000

0000000000000000000000000000
0000000000000000000000000000
0000000000000000000000000000
0000000000000000000000000000
0000000000001111100000000000
0000000000001111100000000000
0000000000011111100000000000
0000000000111111111000000000
0000000000111111111100000000
0000000001111111111100000000
0000000011111111111110000000
0000000111111110011111100000
0000000111111000001111100000
0000000111110000001111100000
0000000111000000001111100000
0000000111000000001111100000
0000000111000000111111100000
0000000111000000111111000000
0000000111000001111110000000
0000000111111111111100000000
0000000111111111111100000000
0000000111111111111100000000
0000000011111111100000000000
0000000000111111100000000000
0000000000000000000000000000
0000000000000000000000000000
0000000000000000000000000000
0000000000000000000000000000

0000000000000000000000000000
0000000000000000000000000000
0000000000000000000000000000
0000000000000000000000000000
0000000000000000000000000000
0000000000110000000110000000
0000000000110000000110000000
0000000001110000000111000000
0000000001110000000111000000
0000000011110000000111000000
0000000011100000001111000000
0000000111000000001111000000
0000000111000000011110000000
0000001110000000011100000000
0000001110000000011100000000
0000001111000000111100000000
0000000111111111111100000000
0000000111111111111100000000
0000000001111100111000000000
0000000000000000111100000000
0000000000000000111000000000
0000000000000000111000000000
0000000000000000111000000000
0000000000000000111000000000
0000000000000000110000000000
0000000000000000000000000000
0000000000000000000000000000
0000000000000000000000000000

0000000000000000000000000000
0000000000000000000000000000
0000000000000000000000000000
0000000000000000000000000000
0000000000000000000000000000
0000000000000000111100000000
0000000000000001111100000000
0000000000000001111100000000
0000000000000011111000000000
0000000000000011110000000000
0000000000000011110000000000
0000000000000011110000000000
0000000000000111100000000000
0000000000000111100000000000
0000000000000111100000000000
0000000000001111000000000000
0000000000001111000000000000
0000000000001111000000000000
0000000000011110000000000000
0000000000011110000000000000
0000000000011110000000000000
0000000000011110000000000000
0000000000111100000000000000
0000000000111100000000000000
0000000000011100000000000000
0000000000000000000000000000
0000000000000000000000000000
0000000000000000000000000000

0000000000000000000000000000
0000000000000000000000000000
0000000000000000000000000000
0000000000000000000000000000
0000000000000000000000000000
0000000001111000000001110000
0000000011110000000011110000
0000000111100000000011100000
0000000111100000000111100000
0000001111000000001111000000
0000001111000000001110000000
0000001111000000111100000000
0000001111111111111100000000
0000001111111111111100000000
0000000111111111111000000000
0000000000000001111000000000
0000000000000001110000000000
0000000000000011110000000000
0000000000000011100000000000
0000000000000011100000000000
0000000000000111000000000000
0000000000000111011000000000
0000000000000111111000000000
0000000000000111111000000000
0000000000000111110000000000
0000000000000000000000000000
0000000000000000000000000000
0000000000000000000000000000

0000000000000000000000000000
0000000000000000000000000000
0000000000000000000000000000
0000000000000000000000000000
0000000000000000000000000000
0000000000000000000000000000
0000000000011110000000000000
0000000000111110000000000000
0000000001111111000000000000
0000000001111111110000000000
0000000011111111110000000000
0000000011101111111000000000
0000000011100011111000000000
0000000011100011110000000000
0000000011111111111000000000
0000000011111111111000000000
0000000001111110111100000000
0000000000111100111100000000
0000000000000000011110000000
0000000000000000011110000000
0000000000000000001111000000
0000000000000000000111100000
0000000000000000000111100000
0000000000000000000011100000
0000000000000000000001110000
0000000000000000000001110000
0000000000000000000000000000
0000000000000000000000000000

0000000000000000000000000000
0000000000000000000000000000
0000000000000000000000000000
0000000000000000000000000000
0000000000000000011111111000
0000000000000001111111111000
0000000000001111111111111000
0000000000001111111111111000
0000000011101111111110000000
0000000111100101100000000000
0000001111100000000000000000
0000011111000000000000000000
0000011110000000000000000000
0000011100000000000000000000
0000011111000000000000000000
0000011111111111110000000000
0000011111111111111000000000
0000011111111111111100000000
0000000001111111111100000000
0000000000011111111100000000
0000000000011111111100000000
0000000000011111111100000000
0000000000001111110000000000
0000000000000011100000000000
0000000000000000000000000000
0000000000000000000000000000
0000000000000000000000000000
0000000000000000000000000000

0000000000000000000000000000
0000000000000000000000000000
0000000000000000000000000000
0000000000000000000000000000
0000000000000000000000000000
0000000000000000000000000000
0000000000000000000000000000
0000000000000111111100000000
0000000000011111111111100000
0000000001111111111111100000
0000000011111110011111110000
0000001111111000011111110000
0000001111100001111111110000
0000001111111111111111100000
0000001111111111111111000000
0000000011111111111110000000
0000000000000011111100000000
0000000000000111110000000000
0000000000001111110000000000
0000000000011111100000000000
0000000000011111000000000000
0000000000111110000000000000
0000000001111110000000000000
0000000001111100000000000000
0000000001111000000000000000
0000000001111000000000000000
0000000001110000000000000000
0000000000000000000000000000

0000000000000000000000000000
0000000000000000000000000000
0000000000000000000000000000
0000000000000000000000000000
0000000000011111111000000000
0000000001111111111110000000
0000000001111111111111000000
0000000011111110011111100000
0000000011110000000111100000
0000000011100000000011100000
0000000011100000000011100000
0000000111100000000011100000
0000000111000000000011100000
0000000111000000000011100000
0000000110000000000011100000
0000001110000000000011100000
0000001110000000000011100000
0000001110000000000111100000
0000001110000000001111100000
0000001110000000011111000000
0000000111000001111110000000
0000000111111111111110000000
0000000111111111111000000000
0000000011111111100000000000
0000000000000000000000000000
0000000000000000000000000000
0000000000000000000000000000
0000000000000000000000000000

0000000000000000000000000000
0000000000000000000000000000
0000000000000000000000000000
0000000000111100000000000000
0000000001111100000000000000
0000000001111000000000000000
0000000001110000000000000000
0000000001110000000000000000
0000000011100000000000000000
0000000011100000001111000000
0000000011100000111111100000
0000000111000111111111110000
0000000111001111111001110000
0000000111001111100001110000
0000000111011111000001110000
0000000111011100000001100000
0000000111011100000011100000
0000000111011111000011100000
0000001111001111101111000000
0000000111100011111110000000
0000000111111111111100000000
0000000011111111111000000000
0000000001111111100000000000
0000000000000000000000000000
0000000000000000000000000000
0000000000000000000000000000
0000000000000000000000000000
0000000000000000000000000000

0000000000000000000000000000
0000000000000000000000000000
0000000000000000000000000000
0000000000000000000000000000
0000000000000000000000000000
0000000000000000000000000000
0000000000000000000000000000
0000000000001111111111000000
0000000000111111111111000000
0000000000111111111111000000
0000000001111100011110000000
0000000001111000011110000000
0000000011110000111100000000
0000000011100001111100000000
0000000011100011111100000000
0000000011111111111000000000
0000000011111111111000000000
0000000000111101111000000000
0000000000000001110000000000
0000000000000011110000000000
0000000000000011100000000000
0000000000000111100000000000
0000000000000111100000000000
0000000000000111000000000000
0000000000000111000000000000
0000000000000111000000000000
0000000000000111000000000000
0000000000000000000000000000

0000000000000000000000000000
0000000000000000000000000000
0000000000000000000000000000
0000000000000000000000000000
0000000000000000000000000000
0000000000001111111100000000
0000000000111111111100000000
0000000000111111111100000000
0000000001111111111100000000
0000000011111110111110000000
0000000011111000001111000000
0000000011110000000111000000
0000000111110000000111000000
0000000111110000000111100000
0000000111100000000111100000
0000000111000000000111100000
0000000111000000000111100000
0000000111000000000111100000
0000000111000000000111000000
0000000111100000000111000000
0000000011110000001110000000
0000000011110000011110000000
0000000001111001111100000000
0000000000111111111100000000
0000000000011111111000000000
0000000000000000000000000000
0000000000000000000000000000
0000000000000000000000000000

0000000000000000000000000000
0000000000000000000000000000
0000000000000000000000000000
0000000000000000000000000000
0000000000000111000000000000
0000000000000111100000000000
0000000000000111100000000000
0000000000000111000000000000
0000000000000111000000000000
0000000000000111100000000000
0000000000000111100000000000
0000000000000111100000000000
0000000000000111100000000000
0000000000000111100000000000
0000000000000111000000000000
0000000000000111000000000000
0000000000000111000000000000
0000000000000111000000000000
0000000000000111100000000000
0000000000000111100000000000
0000000000001111100000000000
0000000000001111100000000000
0000000000011111000000000000
0000000000011100000000000000
0000000000000000000000000000
0000000000000000000000000000
0000000000000000000000000000
0000000000000000000000000000

0000000000000000000000000000
0000000000000000000000000000
0000000000000000000000000000
0000000000000000000000000000
0000000000001111111110000000
0000000011111111110000000000
0000000011111110000000000000
0000000011100000000000000000
0000000011110000000000000000
0000000001110000000000000000
0000000001111111000000000000
0000000011111111100000000000
0000000111111111111100000000
0000000111000001111110000000
0000000000000000001111000000
0000000000000000000111100000
0000000000000000000011110000
0000000000000000000001110000
0000000000000000000000110000
0000000000000000000001110000
0000000011000000000011110000
0000000111000000111111100000
0000000111111111111111000000
0000000011111111111100000000
0000000000000000000000000000
0000000000000000000000000000
0000000000000000000000000000
0000000000000000000000000000

0000000000000000000000000000
0000000000000000000000000000
0000000000000000000000000000
0000000000000000000000000000
0000000000000000000000000000
0000000000000000000000000000
0000000000011111100000000000
0000000001111111110000000000
0000000011111101111111000000
0000000011110000111111000000
0000000111100000011111000000
0000000111000000011110000000
0000000111000000011110000000
0000001111000000111110000000
0000001111000001111100000000
0000001111000011111100000000
0000000111111111111100000000
0000000011111111111000000000
0000000001111001111000000000
0000000000000001111000000000
0000000000000001111000000000
0000000000000011111000000000
0000000000000011110000000000
0000000000000011110000000000
0000000000000011100000000000
0000000000000011100000000000
0000000000000000000000000000
0000000000000000000000000000

0000000000000000000000000000
0000000000000000000000000000
0000000000000000000000000000
0000000000000000000000000000
0000000000000000000000000000
0000000000000000000000000000
0000000000000000000000000000
0000111111111111000000000000
0000111111111111111100000000
0000111111111111111110000000
0000000000000111111111000000
0000000000000000111111000000
0000000000000000001111000000
0000000000000000001111000000
0000000000000000011111000000
0000000000000000011110000000
0000000000000000111110000000
0000000000000001111100000000
0000000000000001111100000000
0000000000000011111000000000
0000000000000111110000000000
0000000000001111110000000000
0000000000011111100000000000
0000000000011111000000000000
0000000000111111000000000000
0000000000111110000000000000
0000000000111100000000000000
0000000000000000000000000000

0000000000000000000000000000
0000000000000000000000000000
0000000000000000000000000000
0000000000000000000000000000
0000001111100000000000000000
0000011111111000000000000000
0000011111111100000000000000
0000011111111111000000000000
0000011100011111100000000000
0000011100001111110000000000
0000011100000111110000000000
0000011101111111110000000000
0000011111111111111100000000
0000011111111111111111000000
0000000001111111111111100000
0000000000011111111111110000
0000000001100000000111110000
0000000011110000000011111000
0000000011111000000001111000
0000000001111000000001111000
0000000001111110000111111000
0000000000111111111111111000
0000000000001111111111110000
0000000000000011111111000000
0000000000000000000000000000
0000000000000000000000000000
0000000000000000000000000000
0000000000000000000000000000

0000000000000000000000000000
0000000000000000000000000000
0000000000000000000000000000
0000000000000000000000000000
0000000000000000000000000000
0000000000000000001100000000
0000000000000000011100000000
0000000000000000011100000000
0000000001110000011100000000
0000000001110000011100000000
0000000001110000011100000000
0000000011110000011000000000
0000000011100000111000000000
0000000011100000111000000000
0000000111111111111000000000
0000000111111111111100000000
0000000111110000111100000000
0000000011000001111100000000
0000000000000001110000000000
0000000000000001110000000000
0000000000000001110000000000
0000000000000001110000000000
0000000000000001110000000000
0000000000000001110000000000
0000000000000001110000000000
0000000000000000000000000000
0000000000000000000000000000
0000000000000000000000000000

0000000000000000000000000000
0000000000000000000000000000
0000000000000000000000000000
0000000000000000000000000000
0000000000000000000000000000
0000000000000000000000000000
0000000000000001111000000000
0000000000000111111111000000
0000000000011111111111100000
0000000000111111111111100000
0000000000111111111111000000
0000000011111111111110000000
0000000011111111111110000000
0000000111111111111100000000
0000000111111111111100000000
0000000011110011111000000000
0000000000000011110000000000
0000000000000111110000000000
0000000000000111100000000000
0000000000001111100000000000
0000000000011111000000000000
0000000000011110000000000000
0000000000111110000000000000
0000000001111110000000000000
0000000001111100000000000000
0000000001111000000000000000
0000000000000000000000000000
0000000000000000000000000000

0000000000000000000000000000
0000000000000000000000000000
0000000000000000000000000000
0000000000001111100000000000
0000000000001111100000000000
0000000000011111100000000000
0000000000111110000000000000
0000000000111100000000000000
0000000000111000000000000000
0000000001111000000000000000
0000000001111000000000000000
0000000001110000000000000000
0000000001110000000000000000
0000000001111111111100000000
0000000001111111111100000000
0000000001111111111110000000
0000000001110000011110000000
0000000001110000001110000000
0000000001111000011110000000
0000000000111100111110000000
0000000000111111111100000000
0000000000011111111000000000
0000000000001111110000000000
0000000000000000000000000000
0000000000000000000000000000
0000000000000000000000000000
0000000000000000000000000000
0000000000000000000000000000

0000000000000000000000000000
0000000000000000000000000000
0000000000000000000000000000
0000000001110000000000000000
0000000001110000000000000000
0000000011100000000000000000
0000000011100000000000000000
0000000011100000000000000000
0000000111000000000000000000
0000000111000000111110000000
0000000111000001111111000000
0000000111000001111111000000
0000000111000011110011000000
0000000111000011100011100000
0000000111000111000011100000
0000000111000111000011000000
0000000011100111000111000000
0000000011111111001111000000
0000000001111111111110000000
0000000000111111111100000000
0000000000000111110000000000
0000000000000111111000000000
0000000000000011111000000000
0000000000000000000000000000
0000000000000000000000000000
0000000000000000000000000000
0000000000000000000000000000
0000000000000000000000000000

0000000000000000000000000000
0000000000000000000000000000
0000000000000000000000000000
0000000000000000000000000000
0000000000000000000000000000
0000000000000000111111111000
0000000000000111111111111000
0000000000011111111000111000
0000000000011111000000110000
0000000000011100000000000000
0000000000111100000000000000
0000000000111000000000000000
0000000000111000000000000000
0000000000111000000000000000
0000000001111111100000000000
0000000001111111111000000000
0000000001111111111100000000
0000000000000001111100000000
0000000000000000111100000000
0000000000000001111100000000
0000000000010111111000000000
0000000001111111110000000000
0000000111111111000000000000
0000000111111100000000000000
0000000111110000000000000000
0000000000000000000000000000
0000000000000000000000000000
0000000000000000000000000000

0000000000000000000000000000
0000000000000000000000000000
0000000000000000000000000000
0000000000000000000000000000
0000000000000000000000000000
0000000000011000000000000000
0000000000111000000000000000
0000000001111000110000000000
0000000001110000110000000000
0000000001100000110000000000
0000000011100000111000000000
0000000011100000111000000000
0000000111000001110000000000
0000001111000001110000000000
0000001110000000110000000000
0000001111110000111111000000
0000000111111111111111000000
0000000000011111111100000000
0000000000000000111000000000
0000000000000000110000000000
0000000000000000110000000000
0000000000000000111000000000
0000000000000000111000000000
0000000000000000111000000000
0000000000000000011000000000
0000000000000000000000000000
0000000000000000000000000000
0000000000000000000000000000

0000000000000000000000000000
0000000000000000000000000000
0000000000000000000000000000
0000000000000000000000000000
0000000000000111111110000000
0000000000000111111110000000
0000000001110111111111100000
0000000001111111111111100000
0000000111111011111111100000
0000000111111100111111110000
0000011111111100111111110000
0000011111111100000011111000
0000011111111000000011111000
0000011111110000000011111000
0000011111110000000011111000
0000011111100000011111111000
0000011111000001111111110000
0000011111111111111111100000
0000011111111111111111100000
0000011111111111111111000000
0000011111111111111100000000
0000001111111111111000000000
0000000111111111100000000000
0000000011111111000000000000
0000000000000000000000000000
0000000000000000000000000000
0000000000000000000000000000
0000000000000000000000000000

0000000000000000000000000000
0000000000000000000000000000
0000000000000000000000000000
0000000000000000000000000000
0000000000000000000000000000
0000000000000000000000000000
0000000000000000000000000000
0000000000000000000000000000
0000001000111111111000000000
0000001011111111111000000000
0000011111110000111100000000
0000111111000000111100000000
0000111100000000011100000000
0000000000000000011100000000
0000000000000000011100000000
0000000000000000011100000000
0000000000000000011100000000
0000000000000000011100000000
0000000000000000011000000000
0000000000000000111000000000
0000000000000000111000000000
0000000000000000111000000000
0000000000000000110000000000
0000000000000001110000000000
0000000000000001110000000000
0000000000000011110000000000
0000000000000011100000000000
0000000000000011100000000000

0000000000000000000000000000
0000000000000000000000000000
0000000000000000000000000000
0000000000000000000000000000
0000000000000000000000000000
0000000000001100000000000000
0000000000011100001110000000
0000000000011100001110000000
0000000000111100001110000000
0000000001111000001110000000
0000000001111000001110000000
0000000011110000001110000000
0000000011110000011100000000
0000001111100000011100000000
0000001111111110011100000000
0000001111111111111100000000
0000000111111111111100000000
0000000000001111111000000000
0000000000000000111000000000
0000000000000000111000000000
0000000000000000111000000000
0000000000000001111000000000
0000000000000001111000000000
0000000000000001111000000000
0000000000000000110000000000
0000000000000000000000000000
0000000000000000000000000000
0000000000000000000000000000

0000000000000000000000000000
0000000000000000000000000000
0000000000000000000000000000
0000000000000000000000000000
0000000000000000000000000000
0000000001111111111100000000
0000000001111111111110000000
0000000001111111111110000000
0000000000011111111110000000
0000000000111101111111000000
0000000001111100011111000000
0000000001111000011111000000
0000000001111000001111000000
0000000011110000001111000000
0000000011100000001111000000
0000000111100000001111000000
0000000111100000001111000000
0000000111100000001111000000
0000000111100000001111000000
0000000111110000001110000000
0000000111111011111110000000
0000000111111111111100000000
0000000011111111111100000000
0000000011111111111000000000
0000000001111111110000000000
0000000000000000000000000000
0000000000000000000000000000
0000000000000000000000000000

0000000000000000000000000000
0000000000000000000000000000
0000000000000000000000000000
0000000000000000000000000000
0000000000011100000000000000
0000000000011100000000000000
0000000000011100000000000000
0000000000011110000000000000
0000000000001110000000000000
0000000000001110000000000000
0000000000001110000000000000
0000000000001110000000000000
0000000000001110000000000000
0000000000001111000000000000
0000000000001111000000000000
0000000000000111000000000000
0000000000000111000000000000
0000000000000111000000000000
0000000000000111000000000000
0000000000000111100000000000
0000000000000111100000000000
0000000000000111100000000000
0000000000000111100000000000
0000000000000111100000000000
0000000000000000000000000000
0000000000000000000000000000
0000000000000000000000000000
0000000000000000000000000000

0000000000000000000000000000
0000000000000000000000000000
0000000000000000000000000000
0000000000000000000000000000
0000000000000000000000000000
0000000000000000000000000000
0000000111111111100000000000
0000000111111111110000000000
0000000111111111110000000000
0000000111000111110000000000
0000000000001111100000000000
0000000000011111100000000000
0000000000111111100000000000
0000000000111111111000000000
0000000000001111111100000000
0000000000000111111100000000
0000000000000000111110000000
0000000000000000111110000000
0000000000000000111100000000
0000000000000011111100000000
0000000000000111110000000000
0000000000001111110000000000
0000000011111111000000000000
0000000011111110000000000000
0000000011111000000000000000
0000000011100000000000000000
0000000000000000000000000000
0000000000000000000000000000

0000000000000000000000000000
0000000000000000000000000000
0000000000000000000000000000
0000000000000000000000000000
0000000000000000000000000000
0000000000001110000000000000
0000000000001110000000000000
0000000000001110000000000000
0000000000001110000000000000
0000000000001110000000000000
0000000000000111000000000000
0000000000000111000000000000
0000000000000111000000000000
0000000000000111100000000000
0000000000000111100000000000
0000000000000011100000000000
0000000000000011100000000000
0000000000000011100000000000
0000000000000011100000000000
0000000000000011100000000000
0000000000000011100000000000
0000000000000011100000000000
0000000000000001100000000000
0000000000000001110000000000
0000000000000001110000000000
0000000000000000000000000000
0000000000000000000000000000
0000000000000000000000000000

0000000000000000000000000000
0000000000000000000000000000
0000000000000000000000000000
0000000000000000000000000000
0000000000000000000000000000
0000000011111111000000000000
0000000111111111000000000000
0000001111111111100000000000
0000001111000111100000000000
0000000000000111100000000000
0000000000001111000000000000
0000000000011111000000000000
0000000001111111000000000000
0000000011111111100000000000
0000000011111111111000000000
0000000011111111111100000000
0000000000000001111110000000
0000000000000000111110000000
0000000000000000001111000000
0000000000000000001111000000
0000000000000000011111000000
0000000000000011111111000000
0000000000011111111110000000
0000000011111111111100000000
0000000011111111100000000000
0000000000000000000000000000
0000000000000000000000000000
0000000000000000000000000000

0000000000000000000000000000
0000000000000000000000000000
0000000000000000000000000000
0000000000000000000000000000
0000000000110000000000000000
0000000000111000000000011000
0000000000111000000000011000
0000000000111000000000111000
0000000000111000000000111000
0000000001111000000000111000
0000000001111000000001111000
0000000011110000000001110000
0000000011110000000001110000
0000000111110000000011110000
0000001111100000000011110000
0000001111100000000011110000
0000011111011111111011110000
0000011111111111111111100000
0000011111111111111111100000
0000011111111111111111100000
0000011111000000000111000000
0000000000000000000111000000
0000000000000000000000000000
0000000000000000000000000000
0000000000000000000000000000
0000000000000000000000000000
0000000000000000000000000000
0000000000000000000000000000

0000000000000000000000000000
0000000000000000000000000000
0000000000000000000000000000
0000000000000000000000000000
0000000000000000000000000000
0000000000000000000000000000
0000000111000000111111100000
0000000111111111111111100000
0000000011111111111111100000
0000000001111111111111100000
0000000000000000011111000000
0000000000000000011110000000
0000000000000000111110000000
0000000000000001111110000000
0000000000000011111100000000
0000000000000111111000000000
0000000000001111110000000000
0000000000011111110000000000
0000000000011111110000000000
0000000000111111100000000000
0000000001111110000000000000
0000000011111100000000000000
0000000011111100000000000000
0000000111111000000000000000
0000000111111000000000000000
0000000011110000000000000000
0000000000000000000000000000
0000000000000000000000000000

0000000000000000000000000000
0000000000000000000000000000
0000000000000000000000000000
0000000000000000000000000000
0000000000001111111110000000
0000000000011111111111000000
0000000001111111111111100000
0000000011111100000111100000
0000000111110000000011100000
0000001111100000000011100000
0000001110000000000111100000
0000001110000000000111000000
0000000000000000001111000000
0000000000000000011110000000
0000000000000000111110000000
0000000000000001111100000000
0000000000000011111000000000
0000000000000111110000000000
0000000011111111100000000000
0000001111111111111001110000
0000011111111111111111110000
0000111111111001111111000000
0000111111110000111110000000
0000011111000000000000000000
0000000000000000000000000000
0000000000000000000000000000
0000000000000000000000000000
0000000000000000000000000000

0000000000000000000000000000
0000000000000000000000000000
0000000000000000000000000000
0000000000000000000000000000
0000000000000000000000000000
0000000000000000000000000000
0000000000000000000000000000
0000001111111111111100000000
0000011111111111111110000000
0000011111110000011110000000
0001111111100000001110000000
0001111100000000011110000000
0001110000000000011100000000
0000000000000000111100000000
0000000000000000111000000000
0000000000000001111000000000
0000000000000001111000000000
0000000000000011100000000000
0000000000000111111110000000
0000000000001111111110000000
0000000000001111111110000000
0000000000001111100000000000
0000000000000111000000000000
0000000000000111000000000000
0000000000000111000000000000
0000000000000111000000000000
0000000000000111000000000000
0000000000000000000000000000

0000000000000000000000000000
0000000000000000000000000000
0000000000000000000000000000
0000000000000000000000000000
0000000000000000000000000000
0000000000011110000000000000
0000000000011110000000000000
0000000000001111000000000000
0000000000001111000000000000
0000000000001111000000000000
0000000000001111000000000000
0000000000001111000000000000
0000000000001111100000000000
0000000000000111100000000000
0000000000000111100000000000
0000000000000111100000000000
0000000000000111100000000000
0000000000000111100000000000
0000000000000111100000000000
0000000000000111100000000000
0000000000000111100000000000
0000000000000111100000000000
0000000000000111100000000000
0000000000000111100000000000
0000000000000111100000000000
0000000000000000000000000000
0000000000000000000000000000
0000000000000000000000000000

0000000000000000000000000000
0000000000000000000000000000
0000000000000000000000000000
0000000000000000000000000000
0000000000000111100000000000
0000000000011111100000000000
0000000001111111100000000000
0000000011111111100000000000
0000000111110011100000000000
0000000111000011100000000000
0000000000000011000000000000
0000000000000111000000000000
0000000000000111000000000000
0000000000001110000000000000
0000000000001110000000000000
0000000000011100000000000000
0000000000011100000001111000
0000000000111000000111111000
0000000001111000011111100000
0000000001110001111110000000
0000000011101111111100000000
0000000011111111100000000000
0000000111111110000000000000
0000000111111100000000000000
0000000000000000000000000000
0000000000000000000000000000
0000000000000000000000000000
0000000000000000000000000000

0000000000000000000000000000
0000000000000000000000000000
0000000000000000000000000000
0000000000000000000000000000
0000000000000011100000000000
0000000000000111110000000000
0000000000000111110000000000
0000000000000111110000000000
0000000000000111110000000000
0000000000000111110000000000
0000000000001111100000000000
0000000000001111100000000000
0000000000011111100000000000
0000000000011111100000000000
0000000000011111100000000000
0000000000011111000000000000
0000000000011111000000000000
0000000000011111000000000000
0000000000011111000000000000
0000000000011111000000000000
0000000000011111000000000000
0000000000011111000000000000
0000000000011111000000000000
0000000000001111000000000000
0000000000000000000000000000
0000000000000000000000000000
0000000000000000000000000000
0000000000000000000000000000

0000000000000000000000000000
0000000000000000000000000000
0000000000000000000000000000
0000000000000000000000000000
0000000000000110000000000000
0000000000000110000000000000
0000000000000110000000000000
0000000000000110000000000000
0000000000000111000000000000
0000000000000011000000000000
0000000000000011000000000000
0000000000000011000000000000
0000000000000011000000000000
0000000000000011000000000000
0000000000000111000000000000
0000000000000111000000000000
0000000000000111000000000000
0000000000000110000000000000
0000000000000110000000000000
0000000000000110000000000000
0000000000000110000000000000
0000000000001110000000000000
0000000000001110000000000000
0000000000001100000000000000
0000000000000000000000000000
0000000000000000000000000000
0000000000000000000000000000
0000000000000000000000000000

0000000000000000000000000000
0000000000000000000000000000
0000000000000000000000000000
0000000000000000000000000000
0000000000000000000000000000
0000000000000000000000000000
0000000000000000000000000000
0000000000011111111000000000
0000000011111111111000000000
0000001111111111111000000000
0000001111110000111000000000
0000000111000000111000000000
0000000000000000111000000000
0000000000000000111000000000
0000000000000001111000000000
0000000000000001110000000000
0000000000000111111000000000
0000000000000111111110000000
0000000000000011111110000000
0000000000000111111110000000
0000000000000111000000000000
0000000000001111000000000000
0000000000001110000000000000
0000000000011100000000000000
0000000000011100000000000000
0000000000011000000000000000
0000000000011000000000000000
0000000000000000000000000000

0000000000000000000000000000
0000000000000000000000000000
0000000000000000000000000000
0000000000000000000000000000
0000000000000000000000000000
0000000000000000000000000000
0000000011100000011100000000
0000000011100000011110000000
0000000011100000011110000000
0000000111100000111100000000
0000000111100001111100000000
0000000111100001111100000000
0000000111100011111100000000
0000000111100111111000000000
0000000111101111111000000000
0000000011111111111000000000
0000000011111111110000000000
0000000000111111110000000000
0000000000000011110000000000
0000000000000011110000000000
0000000000000011100000000000
0000000000000011100000000000
0000000000000011100000000000
0000000000000011100000000000
0000000000000011100000000000
0000000000000011100000000000
0000000000000000000000000000
0000000000000000000000000000

0000000000000000000000000000
0000000000000000000000000000
0000000000000000000000000000
0000000000000000000000000000
0000000000000011100000000000
0000000000000011110000000000
0000000000000001111000000000
0000000000000000111000000000
0000000000000001110000000000
0000000000000001110000000000
0000000000000011100000000000
0000000000000111100000000000
0000000000000111000000000000
0000000000001110000000000000
0000000000011110000000000000
0000000000011101111111111000
0000000000111111111111111000
0000000111111111100000011000
0000001111111110000000001000
0000011111100000000000000000
0000011111000000000000000000
0000011100000000000000000000
0000000000000000000000000000
0000000000000000000000000000
0000000000000000000000000000
0000000000000000000000000000
0000000000000000000000000000
0000000000000000000000000000

0000000000000000000000000000
0000000000000000000000000000
0000000000000000000000000000
0000000000000000000000000000
0000000001111110000000000000
0000000011111110000000000000
0000000011111110000000000000
0000000011001111000000000000
0000000000001111000000000000
0000000000001111000000000000
0000000000001111000000000000
0000000000001110000000000000
0000000000011111100000000000
0000000000011111110000000000
0000000000011111111000000000
0000000000000111111100000000
0000000000000001111100000000
0000000000000000111100000000
0000000000000011111100000000
0000000000000111111000000000
0000000000011111110000000000
0000000000111111100000000000
0000000000111111000000000000
0000000000111110000000000000
0000000000000000000000000000
0000000000000000000000000000
0000000000000000000000000000
0000000000000000000000000000

0000000000000000000000000000
0000000000000000000000000000
0000000000000000000000000000
0000000000000000000000000000
0000000000000000000000000000
0000000000001111111110000000
0000000000011111111111000000
0000000000011101111111100000
0000000000011100000001000000
0000000000011100000000000000
0000000000011100000000000000
0000000000011100000000000000
0000000000011111110000000000
0000000000111111111000000000
0000000001111100111100000000
0000000001110000011100000000
0000000001110000011100000000
0000000001000000011100000000
0000000011000000011100000000
0000000011000000111100000000
0000000111000001111000000000
0000000011000011111000000000
0000000011111111110000000000
0000000011111111000000000000
0000000001111110000000000000
0000000000000000000000000000
0000000000000000000000000000
0000000000000000000000000000

0000000000000000000000000000
0000000000000000000000000000
0000000000000000000000000000
0000000000000000000000000000
0000000000111100000000000000
0000000001111100000000000000
0000000000111110000000000000
0000000000111110000000000000
0000000000111110000000000000
0000000000011111000000000000
0000000000011111000000000000
0000000000011111100000000000
0000000000001111100000000000
0000000000001111110000000000
0000000000000111110000000000
0000000000000111110000000000
0000000000000111111000000000
0000000000000111111000000000
0000000000000011111000000000
0000000000000011111100000000
0000000000000001111100000000
0000000000000001111100000000
0000000000000001111100000000
0000000000000001111100000000
0000000000000000000000000000
0000000000000000000000000000
0000000000000000000000000000
0000000000000000000000000000

0000000000000000000000000000
0000000000000000000000000000
0000000001111110000000000000
0000000001111111000000000000
0000000001100111100000000000
0000000000000011110000000000
0000000000000001110000000000
0000000000000000111000000000
0000000000000000111000000000
0000000000000000011000000000
0000000000000000011000000000
0000000000000000111000000000
0000000000000000111000000000
0000000000000000111000000000
0000000000111100111000000000
0000000011111111110000000000
0000000011101111110000000000
0000000111000011110000000000
0000000111000111111000000000
0000000111011111111100000000
0000000111111110011111100000
0000000011111100001111100000
0000000000000000000000000000
0000000000000000000000000000
0000000000000000000000000000
0000000000000000000000000000
0000000000000000000000000000
0000000000000000000000000000

0000000000000000000000000000
0000000000000000000000000000
0000000000000000000000000000
0000000000000000000000000000
0000000000000000000000000000
0000000000000000000000000000
0000000001111100011111000000
0000000001111100111111000000
0000000011111100111111000000
0000000011111000111111000000
0000000111111000111111000000
0000001111111011111111000000
0000001111111111111111000000
0000001111111111111110000000
0000001111111111111110000000
0000001111111111111100000000
0000001111111111111100000000
0000000100000011111100000000
0000000000000001111100000000
0000000000000011111100000000
0000000000000011111100000000
0000000000000011111100000000
0000000000000111111100000000
0000000000000111111100000000
0000000000000111111000000000
0000000000000011111000000000
0000000000000000000000000000
0000000000000000000000000000

0000000000000000000000000000
0000000000000000000000000000
0000000000000000000000000000
0000000000000000000000000000
0000000000000000000000000000
0000000110000000011000000000
0000000110000000011100000000
0000000110000000011100000000
0000000111000000011110000000
0000000111000000011110000000
0000000111000000011110000000
0000000111000000011111100000
0000000111000000011111100000
0000000111000000011111100000
0000000111000000111111000000
0000000111111111111110000000
0000000111111111111110000000
0000000011111111111100000000
0000000001111100011100000000
0000000000000000011100000000
0000000000000000011100000000
0000000000000000011100000000
0000000000000000011100000000
0000000000000000011100000000
0000000000000000011100000000
0000000000000000000000000000
0000000000000000000000000000
0000000000000000000000000000

0000000000000000000000000000
0000000000000000000000000000
0000000000000000000000000000
0000000000000000111100000000
0000000000000001111100000000
0000000000000001111000000000
0000000000000011111000000000
0000000000000011110000000000
0000000000000111100000000000
0000000000001111000000000000
0000000000001110000000000000
0000000000011110000000000000
0000000000111100000000000000
0000000000111100011000000000
0000000000111011111100000000
0000000001111011111100000000
0000000001110000111110000000
0000000001110000111100000000
0000000001110000111100000000
0000000001111101111100000000
0000000001111111111000000000
0000000001111111111000000000
0000000000011111110000000000
0000000000000000000000000000
0000000000000000000000000000
0000000000000000000000000000
0000000000000000000000000000
0000000000000000000000000000

0000000000000000000000000000
0000000000000000000000000000
0000000000000000000000000000
0000000000000000000000000000
0000000000000000000000000000
0000000000000000000000000000
0000111111111111110000000000
0000111111111111111000000000
0000111111111111111000000000
0000111111111111111000000000
0000000000000011111000000000
0000000000001111111000000000
0000000011111111111100000000
0000000111111111111111100000
0000000111111111111111100000
0000000111111000011111110000
0000000111110000000111110000
0000000000000000000011110000
0000000001000000000011110000
0000000011110000000111110000
0000000011111111111111110000
0000000011111111111111000000
0000000001111111111111000000
0000000000001111111000000000
0000000000000000000000000000
0000000000000000000000000000
0000000000000000000000000000
0000000000000000000000000000

0000000000000000000000000000
0000000000000000000000000000
0000000000000000000000000000
0000000000000000000000000000
0000000000000000000000000000
0000000000000000000000011100
0000000000000000001111111100
0000000000000110111111111000
0000000000011111111111000000
0000000000111111111000000000
0000000001111111000000000000
0000000001111100000000000000
0000000011111000000000000000
0000000011110000000000000000
0000000111111111110000000000
0000000111111111111000000000
0000000111111101111100000000
0000000111100000011110000000
0000000000000000011110000000
0000000000000000111110000000
0000000000000001111100000000
0000000000001111111000000000
0000001111111111110000000000
0000001111111111000000000000
0000000111110000000000000000
0000000000000000000000000000
0000000000000000000000000000
0000000000000000000000000000

0000000000000000000000000000
0000000000000000000000000000
0000000000000000000000000000
0000000000000000000000000000
0000000000000011111000000000
0000000000000111110000000000
0000000011111110000000000000
0000000011111100000000000000
0000000111000000000000000000
0000000111000000000000000000
0000000111000000000000000000
0000000111001111111000000000
0000000111111111111100000000
0000000111111111111110000000
0000000111110000000111000000
0000000000000000000111000000
0000000000000000000011100000
0000000000000000000011100000
0000000000000000000011100000
0000000000000000000011000000
0000000011000000001111000000
0000000011110000011111000000
0000000001111111111110000000
0000000001111111111000000000
0000000000000000000000000000
0000000000000000000000000000
0000000000000000000000000000
0000000000000000000000000000

0000000000000000000000000000
0000000000000000000000000000
0000000000000000000000000000
0000000001110000000000000000
0000000011110000000000000000
0000000111110000000000000000
0000000111100000000000000000
0000001111100000000000000000
0000001111000000000000000000
0000001111000000000000000000
0000001110000000111111100000
0000001110000011111111111000
0000001110000111111111111100
0000001110000111110000111100
0000001110000111100000011100
0000001110000111100000011100
0000001111000111100000011100
0000001111100111111000011100
0000001111100001111100111100
0000000111111000111111111100
0000000111111111111111111000
0000000001111111111111100000
0000000000011111111100000000
0000000000000000000000000000
0000000000000000000000000000
0000000000000000000000000000
0000000000000000000000000000
0000000000000000000000000000

0000000000000000000000000000
0000000000000000000000000000
0000000000000000000000000000
0000000000000000000000000000
0000000000000000000000000000
0000000000011111111000000000
0000000000011111111100000000
0000000000011111111100000000
0000000000111111011100000000
0000000000111110011110000000
0000000000111110001110000000
0000000000111100001110000000
0000000001111000001110000000
0000000001111000001110000000
0000000001111000001110000000
0000000001111000001110000000
0000000001110000001110000000
0000000001110000001110000000
0000000001110000001110000000
0000000001110000011110000000
0000000001110000011110000000
0000000001111011111100000000
0000000001111111111000000000
0000000000111111110000000000
0000000000111111100000000000
0000000000000000000000000000
0000000000000000000000000000
0000000000000000000000000000

0000000000000000000000000000
0000000000000000000000000000
0000000000000000000000000000
0000000000000000000000000000
0000000000000000000000000000
0000000011100000000000000000
0000000111110000000011100000
0000000111110000000111100000
0000000111110000000111100000
0000000111100000001111100000
0000000111100000001111100000
0000000111100000001111000000
0000000111100000011111000000
0000001111000000011111000000
0000001111111111111110000000
0000001111111111111110000000
0000001111111111111110000000
0000000111111111111110000000
0000000000000000111100000000
0000000000000000111100000000
0000000000000000111100000000
0000000000000001111100000000
0000000000000001111100000000
0000000000000001111100000000
0000000000000000111000000000
0000000000000000000000000000
0000000000000000000000000000
0000000000000000000000000000

0000000000000000000000000000
0000000000000000000000000000
0000000000000000000000000000
0000000000000000000000000000
0000000000000000000000000000
0000000000000001110000000000
0000000000000001110000000000
0000000000000001110000000000
0000000000000001110000000000
0000000000000001110000000000
0000000000000011100000000000
0000000000000011100000000000
0000000000000011100000000000
0000000000000111100000000000
0000000000000111000000000000
0000000000000110000000000000
0000000000001110000000000000
0000000000001110000000000000
0000000000001110000000000000
0000000000001110000000000000
0000000000001110000000000000
0000000000011100000000000000
0000000000011100000000000000
0000000000011100000000000000
0000000000001110000000000000
0000000000000000000000000000
0000000000000000000000000000
0000000000000000000000000000

0000000000000000000000000000
0000000000000000000000000000
0000000000000000000000000000
0000000000000000000000000000
0000000000000000000000000000
0000000000000000000000000000
0000000000000000000000000000
0000000000000111111100000000
0000000000011111111110000000
0000000001111111111110000000
0000000111111100001110000000
0000000111110000001111000000
0000001111100000011111000000
0000001111000001111111000000
0000001111111111111111000000
0000001111111111111110000000
0000000111111111111110000000
0000000001110000111100000000
0000000000000000111100000000
0000000000000001111000000000
0000000000000001111000000000
0000000000000001110000000000
0000000000000011110000000000
0000000000000011110000000000
0000000000000111100000000000
0000000000000111100000000000
0000000000000111000000000000
0000000000000000000000000000

0000000000000000000000000000
0000000000000000000000000000
0000000000000000000000000000
0000000000000000000000000000
0000000000000000000000000000
0000000000000000000000000000
0000000000000000000000111000
0000000000000000000011111000
0000000000000000111111110000
0000000000000111111111100000
0000000000111111111100000000
0000000000111111000000000000
0000000001111100000000000000
0000000011110000000000000000
0000000011100000000000000000
0000000011110000000000000000
0000000011111100000000000000
0000000001111100000000000000
0000000000001110000000000000
0000000000001110000000000000
0000000000001110000000000000
0000000000001100000000000000
0000000000111100000000000000
0000000001111100000000000000
0000000001111000000000000000
0000000001110000000000000000
0000000000000000000000000000
0000000000000000000000000000

0000000000000000000000000000
0000000000000000000000000000
0000000000000000000000000000
0000000000000000000000000000
0000000000000000000000000000
0000000000000000000000000000
0000000000000000000000000000
0011111110000000000000000000
0011111111111111000000000000
0011111111111111110000000000
0000111111111111111000000000
0000000000000111111110000000
0000000000000001111110000000
0000000000000000111110000000
0000000000000000011110000000
0000000000000000011111000000
0000000000000000011111000000
0000000000000000011110000000
0000000000000000011110000000
0000000000000000011110000000
0000000000000000111110000000
0000000000000000111100000000
0000000000000000111100000000
0000000000000001111000000000
0000000000000011111000000000
0000000000000011110000000000
0000000000000011110000000000
0000000000000000000000000000

0000000000000000000000000000
0000000000000000000000000000
0000000000000000000000000000
0000000000000000000000000000
0000000000000000000000000000
0000000000000111000000000000
0000000000011111111111100000
0000000000111111111111110000
0000000001111111111111110000
0000000001111100000001110000
0000000001111000000011110000
0000000001111000000111110000
0000000000111100011111110000
0000000000111111111111100000
0000000000011111111110000000
0000000000011111111000000000
0000000011111111100000000000
0000011111111111110000000000
0000111111111111110000000000
0000111111111111110000000000
0000011111111111100000000000
0000001111111111000000000000
0000000000000000000000000000
0000000000000000000000000000
0000000000000000000000000000
0000000000000000000000000000
0000000000000000000000000000
0000000000000000000000000000

0000000000000000000000000000
0000000000000000000000000000
0000000000000000000000000000
0000000000000000000000000000
0000000000000000000000000000
0000000000000000000000000000
0000000000111111111000000000
0000000001111111111100000000
0000000001100000011100000000
0000000001100000000000000000
0000000011100000000000000000
0000000011100000000000000000
0000000001110000110000000000
0000000001110000110000000000
0000000001110001110000000000
0000000001111001110000000000
0000000000111111110000000000
0000000000011111110000000000
0000000000011111110000000000
0000000000000001110000000000
0000000000000001110000000000
0000000000000001110000000000
0000000000000001110000000000
0000000000000001110000000000
0000000000000001110000000000
0000000000000001100000000000
0000000000000000000000000000
0000000000000000000000000000

0000000000000000000000000000
0000000000000000000000000000
0000000000000000000000000000
0000000000011110000000000000
0000000000011111000000000000
0000000000011111110000000000
0000000000001111111000000000
0000000000000111111000000000
0000000000000001111100000000
0000000000000000011110000000
0000000000000000011110000000
0000000000000000011110000000
0000000000000001111110000000
0000000001111111111100000000
0000000001111111111000000000
0000000001111111100000000000
0000000000000111110000000000
0000000000000011110000000000
0000000110000011110000000000
0000001110001111110000000000
0000011111111111110000000000
0000011111111111000000000000
0000011111111000000000000000
0000000000000000000000000000
0000000000000000000000000000
0000000000000000000000000000
0000000000000000000000000000
0000000000000000000000000000

0000000000000000000000000000
0000000000000000000000000000
0000000000000000000000000000
0000000000000000000000000000
0000000000000000000000000000
0000000000000000000000000000
0000000000000000000000000000
0000111111111111111111110000
0000111111111111111111110000
0000011111111111111111110000
0000000000000000111111110000
0000000000000000001111000000
0000000000000000011111000000
0000000001111110111110000000
0000000011111111111111000000
0000000011111111111111110000
0000000001111111111111110000
0000000000001111111111110000
0000000000011111100000000000
0000000000011111000000000000
0000000000111110000000000000
0000000001111100000000000000
0000000001111000000000000000
0000000011110000000000000000
0000000111110000000000000000
0000001111100000000000000000
0000001111000000000000000000
0000000000000000000000000000

0000000000000000000000000000
0000000000000000000000000000
0000000000000000000000000000
0000000000000000000000000000
0000000000000000000000000000
0000000000000000110000000000
0000000000000000110000000000
0000000000011100110000000000
0000000000011100110000000000
0000000000011100110000000000
0000000000011100110000000000
0000000000011100110000000000
0000000000111100110000000000
0000000000111111110000000000
0000000000111111110000000000
0000000000111111110000000000
0000000000111001110000000000
0000000000000001110000000000
0000000000000001110000000000
0000000000000001110000000000
0000000000000001110000000000
0000000000000001110000000000
0000000000000001110000000000
0000000000000001110000000000
0000000000000001100000000000
0000000000000000000000000000
0000000000000000000000000000
0000000000000000000000000000

0000000000000000000000000000
0000000000000000000000000000
0000000000011100000000000000
0000000000011100000000000000
0000000000011100000000000000
0000000001111100000000000000
0000000001110000000000000000
0000000001110000000110000000
0000000011100000011111000000
0000000011000000111111100000
0000000011000001111111100000
0000000111000001111011000000
0000000110000011110011000000
0000000110000011100011000000
0000000110000011100111000000
0000000110000111001111000000
0000000110000111001111000000
0000000110000111011110000000
0000000111000111111110000000
0000000011110111111000000000
0000000011111111111000000000
0000000001111111111000000000
0000000000000000000000000000
0000000000000000000000000000
0000000000000000000000000000
0000000000000000000000000000
0000000000000000000000000000
0000000000000000000000000000

0000000000000000000000000000
0000000000000000000000000000
0000000000000000000000000000
0000000000000000000000000000
0000000000000000000000000000
0000000000000000000011110000
0000000000000000000111110000
0000000000000000001111100000
0000000011100000011111000000
0000000111100000011110000000
0000001111000000011110000000
0000111110000000011100000000
0000111100000000111100000000
0000111100000000111100000000
0000111110000001111100000000
0000111111100111111000000000
0000111111111111111000000000
0000001111111111111000000000
0000000111111111111000000000
0000000000000001111000000000
0000000000000001111000000000
0000000000000001111000000000
0000000000000001110000000000
0000000000000001110000000000
0000000000000001100000000000
0000000000000000000000000000
0000000000000000000000000000
0000000000000000000000000000

0000000000000000000000000000
0000000000000000000000000000
0000000000000000000000000000
0000000000000000000000000000
0000000000000000000000000000
0000000011111111110000000000
0000000111111111111000000000
0000000111111111111100000000
0000000111111011111100000000
0000000000000001111100000000
0000000000001111111100000000
0000000000011111111000000000
0000000000111111111000000000
0000000001111111100000000000
0000000001111111111000000000
0000000001111111111000000000
0000000000111111111100000000
0000000000000001111100000000
0000000000000000111100000000
0000000000010000111100000000
0000000000111011111100000000
0000000001111111111000000000
0000000000111111111000000000
0000000000111111110000000000
0000000000011111100000000000
0000000000000000000000000000
0000000000000000000000000000
0000000000000000000000000000

0000000000000000000000000000
0000000000000000000000000000
0000000000000000000000000000
0000000000000000000000000000
0000000000000000000000000000
0000000000001100000000000000
0000000000011111111110000000
0000000001111111111111100000
0000000011111111111111110000
0000000111111111000011110000
0000001111110010000001111000
0000011111000000000000111000
0000011110000000000000111000
0000011110000000000000111000
0000011100000000000000111000
0000011100000000000000111000
0000011100000000000001111000
0000011110000000000111111000
0000011110000000011111110000
0000011111111111111111100000
0000001111111111111110000000
0000000011111111111000000000
0000000000001000000000000000
0000000000000000000000000000
0000000000000000000000000000
0000000000000000000000000000
0000000000000000000000000000
0000000000000000000000000000

0000000000000000000000000000
0000000000000000000000000000
0000000000000000000000000000
0000000000000000000000000000
0000000000000000000000000000
0000000000000000000000000000
0000000000000000000000000000
0000000000111100000000000000
0011111111111111110000000000
0011111111111111111111000000
0001111111111111111111000000
0000000000000001111111000000
0000000000000000001111000000
0000000000000000001111000000
0000000000000000001111000000
0000000000000000011110000000
0000000000000000111110000000
0000000000000001111100000000
0000000000000011111000000000
0000000000000011110000000000
0000000000000111110000000000
0000000000001111100000000000
0000000000011111000000000000
0000000000111111000000000000
0000000000111110000000000000
0000000000111100000000000000
0000000000110000000000000000
0000000000000000000000000000

0000000000000000000000000000
0000000000000000000000000000
0000000000000000000000000000
0000000000000000000000000000
0000000000011111100000000000
0000000000111111111110000000
0000000000111111111111000000
0000000001111111111111000000
0000000011111100111111100000
0000000111111000001111110000
0000001111111000000111110000
0000001111110000000011110000
0000001111100000000011110000
0000001111100000000011110000
0000001111000000000011110000
0000001111000000000011110000
0000001111000000000111110000
0000001111000000001111110000
0000001111000000011111110000
0000001111100001111111100000
0000000111111111111111000000
0000000111111111111110000000
0000000011111111111110000000
0000000001111111000000000000
0000000000000000000000000000
0000000000000000000000000000
0000000000000000000000000000
0000000000000000000000000000

0000000000000000000000000000
0000000000000000000000000000
0000000000000000000000000000
0000000000000000000000000000
0000000111111111111000000000
0000001111111111111100000000
0000001111111000111110000000
0000000111100000011110000000
0000000000000000001111000000
0000000000000000000111000000
0000000000000000000111000000
0000000000000000000111000000
0000000000000000000111000000
0000000000000000000111000000
0000000000000000001111000000
0000000000000000011110000000
0000000000000000011110000000
0000000111110000111110000000
0000001111111110111100000000
0000011111111111111000000000
0000011110011111110000000000
0000011111011111111100000000
0000011111111111111100000000
0000001111111110011110000000
0000000000000000000000000000
0000000000000000000000000000
0000000000000000000000000000
0000000000000000000000000000

0000000000000000000000000000
0000000000000000000000000000
0000000000000000000000000000
0000000000000000000000000000
0000000000000000000000000000
0000000000000000000000000000
0000000000001111111100000000
0000000000011111111110000000
0000000000111111111110000000
0000000000111111111110000000
0000000000111110111110000000
0000000000111111111110000000
0000000000011111111110000000
0000000000011111111110000000
0000000000000111111100000000
0000000000000111111000000000
0000000000001111111000000000
0000000000011111100000000000
0000000000111111000000000000
0000000001111110000000000000
0000000011111110000000000000
0000000011111100000000000000
0000000111111000000000000000
0000001111110000000000000000
0000000111110000000000000000
0000000111100000000000000000
0000000000000000000000000000
0000000000000000000000000000

0000000000000000000000000000
0000000000000000000000000000
0000000000000000000000000000
0000000000000000000000000000
0000000000000000000000000000
0000000000001111000000000000
0000000000001111000000000000
0000000000001111000000000000
0000000000001111000000000000
0000000000001111000000000000
0000000000001111000000000000
0000000000001111000000000000
0000000000001111000000000000
0000000000001111100000000000
0000000000001111100000000000
0000000000001111100000000000
0000000000001111100000000000
0000000000001111100000000000
0000000000001111100000000000
0000000000001111000000000000
0000000000001111000000000000
0000000000011111000000000000
0000000000001111000000000000
0000000000011110000000000000
0000000000011110000000000000
0000000000000000000000000000
0000000000000000000000000000
0000000000000000000000000000

0000000000000000000000000000
0000000000000000000000000000
0000000000000000000000000000
0000000000000000000000000000
0000000000000000000000000000
0000000000000000000000000000
0000000000000000000000000000
0000000000000000011110000000
0000111100011111111110000000
0000111111111111111100000000
0000111111111111111100000000
0000011011111111111000000000
0000000000000011110000000000
0000000000000011110000000000
0000000000000011110000000000
0000000000111111111111000000
0000000001111111111111000000
0000000000111111111100000000
0000000000000111100000000000
0000000000000111000000000000
0000000000000111000000000000
0000000000000111000000000000
0000000000000111000000000000
0000000000000111000000000000
0000000000000111000000000000
0000000000000111000000000000
0000000000000111000000000000
0000000000000000000000000000

0000000000000000000000000000
0000000000000000000000000000
0000000000000000000000000000
0000000000000000000000000000
0000000000001111100000000000
0000000000011111110000000000
0000000000111111110000000000
0000000000111001110000000000
0000000000111001110000000000
0000000000000011110000000000
0000000000000111100000000000
0000000000001111100000000000
0000000000111111000000000000
0000000000111111000000000000
0000000000111111111000000000
0000000000000001111100000000
0000000000000000111100000000
0000000000000000011100000000
0000000000000000001100000000
0000000000000000011100000000
0000000011000001111100000000
0000000111000011111000000000
0000000111111111111000000000
0000000011111111110000000000
0000000000000000000000000000
0000000000000000000000000000
0000000000000000000000000000
0000000000000000000000000000

0000000000000000000000000000
0000000000000000000000000000
0000000000000000000000000000
0000000000000000000000000000
0000000000000000000000000000
0000000000000000000000000000
0000000000000000000000000000
0000000001111111100000000000
0000000111111111110000000000
0000001111111111111000000000
0000011111000000111100000000
0000011100000000111100000000
0000011100000000011100000000
0000011100000000111100000000
0000000000000000111000000000
0000000000000001111000000000
0000000000000011110000000000
0000000000000111100000000000
0000000000011111000000000000
0000000000011111100000011000
0000000001111111111111111000
0000000001111111111111111000
0000000001110000000001011000
0000000000000000000000000000
0000000000000000000000000000
0000000000000000000000000000
0000000000000000000000000000
0000000000000000000000000000

0000000000000000000000000000
0000000000000000000000000000
0000000000000000000000000000
0000000000000000000000000000
0000000000000000000000000000
0000000000000000000000000000
0000000000000001111100000000
0000000000000011111100000000
0000000000000111111100000000
0000000000001111111100000000
0000000000011111011100000000
0000000000111101111100000000
0000000001111111111100000000
0000000001111111111100000000
0000000000111111111000000000
0000000000111111100000000000
0000000000000111100000000000
0000000000001111000000000000
0000000000001111000000000000
0000000000011110000000000000
0000000000011100000000000000
0000000000111100000000000000
0000000000111100000000000000
0000000000111111000000000000
0000000000111111000000000000
0000000000111110000000000000
0000000000000000000000000000
0000000000000000000000000000

0000000000000000000000000000
0000000000000000000000000000
0000000000000000000000000000
0000000000000000000000000000
0000000000000000000000000000
0000000000000000000000000000
0000000000000000000000000000
0000000000000111111111000000
0000000111111111111111100000
0000011111111111111111100000
0000011111111111111111100000
0000011111111111111111000000
0000001111111100111111000000
0000000000000001111111000000
0000000000000011111111000000
0000000000000111111110000000
0000000000001111111110000000
0000000000001111111000000000
0000000000011111110000000000
0000000001111111100000000000
0000000001111111000000000000
0000000011111111000000000000
0000000111111110000000000000
0000000111111100000000000000
0000000111111100000000000000
0000000011111000000000000000
0000000011111000000000000000
0000000000000000000000000000

0000000000000000000000000000
0000000000000000000000000000
0000000000000000000000000000
0000000000000000000000000000
0000000000000000000000000000
0000000000000000000000000000
0000000000000000000000000000
0000000001111011110000000000
0000000001111111110000000000
0000000001111111111000000000
0000000011111111111000000000
0000000011110111111000000000
0000000011110000111000000000
0000000011110000111000000000
0000000011110000111000000000
0000000011110000111000000000
0000000001110000111000000000
0000000000000000111000000000
0000000000000000111000000000
0000000000000000111000000000
0000000000000000111000000000
0000000000000000111000000000
0000000000000000111000000000
0000000000000000111000000000
0000000000000000111000000000
0000000000000000111000000000
0000000000000000111000000000
0000000000000000000000000000

0000000000000000000000000000
0000000000000000000000000000
0000000000000000000000000000
0000000000000001111000000000
0000000000000111111000000000
0000000000011111111000000000
0000000000011111111000000000
0000000000111111100000000000
0000000000111110000000000000
0000000001111100000000000000
0000000001111000000000000000
0000000001110000000000000000
0000000001110000000000000000
0000000011110000111110000000
0000000011100001111110000000
0000000001100011111110000000
0000000001100011111110000000
0000000001110111111110000000
0000000001111111101110000000
0000000001111111111110000000
0000000001111111111110000000
0000000000011111111100000000
0000000000011111110000000000
0000000000000000000000000000
0000000000000000000000000000
0000000000000000000000000000
0000000000000000000000000000
0000000000000000000000000000

0000000000000000000000000000
0000000000000000000000000000
0000000000000000000000000000
0000000000001111111100000000
0000000000111111111100000000
0000000011111111111100000000
0000000011111111111110000000
0000000011111100011110000000
0000000001110000011110000000
0000000000000000011110000000
0000000000000000011110000000
0000000000000000011110000000
0000000000000000111100000000
0000000000000000111100000000
0000000000000001111000000000
0000000000000011111000000000
0000000111111111111000000000
0000000111111111111100000000
0000001111111111111110000000
0000001111111111111111100000
0000001111111110011111110000
0000001111111100000111110000
0000001111110000000001110000
0000000000000000000000000000
0000000000000000000000000000
0000000000000000000000000000
0000000000000000000000000000
0000000000000000000000000000

0000000000000000000000000000
0000000000000000000000000000
0000000000000000000000000000
0000000000000000000000000000
0000000000000000000000000000
0000000000000000000000000000
0000000000000000000000000000
0000000011111010100000000000
0000000011111111111100000000
0000000011111111111100000000
0000000011100000011100000000
0000000111100000111100000000
0000001111000000111100000000
0000001110000000111100000000
0000001110000000111000000000
0000000000000000111000000000
0000000000000000111000000000
0000000000000000111000000000
0000000000000000111000000000
0000000000000001111000000000
0000000000000001110000000000
0000000000000001110000000000
0000000000000001110000000000
0000000000000001110000000000
0000000000000011110000000000
0000000000000011110000000000
0000000000000011110000000000
0000000000000000000000000000

0000000000000000000000000000
0000000000000000000000000000
0000000000000000000000000000
0000000000000000000000000000
0000000000000000000000000000
0000000000000000110111110000
0000000000000111110111110000
0000000000111111100111110000
0000000011111110011111100000
0000000011111100111111000000
0000000111110001111100000000
0000001111100011111000000000
0000001111000111110000000000
0000001111111111100000000000
0000000111111111000000000000
0000000011111111110000000000
0000000000111111111100000000
0000000000111100111110000000
0000000000111100011110000000
0000000000111100001110000000
0000000000111100001110000000
0000000000111100011110000000
0000000000011110111100000000
0000000000001111111100000000
0000000000000111111000000000
0000000000000000000000000000
0000000000000000000000000000
0000000000000000000000000000

0000000000000000000000000000
0000000000000000000000000000
0000000000000000000000000000
0000000000000000000000000000
0000000000000000000000000000
0000000110000000001111000000
0000000111000000011111100000
0000001111100000011111100000
0000001111100000011111100000
0000001111100000011111000000
0000001111100000111110000000
0000001111100111111110000000
0000001111111111111110000000
0000001111111111111110000000
0000001111111111111100000000
0000011111111111111100000000
0000001111111111111111000000
0000000111111001111111000000
0000000000000001111110000000
0000000000000001111110000000
0000000000000011111100000000
0000000000000011111000000000
0000000000000011111000000000
0000000000000011110000000000
0000000000000011110000000000
0000000000000000000000000000
0000000000000000000000000000
0000000000000000000000000000

0000000000000000000000000000
0000000000000000000000000000
0000000000000000000000000000
0000000000000000000000000000
0000000000000000000000000000
0000000000000000000000000000
0000000000000000000000000000
0000000111111111111100000000
0000000111111111111110000000
0000000111111111111110000000
0000000111111111111110000000
0000000001111111111110000000
0000000000000001111100000000
0000000000000011111100000000
0000000000000011111000000000
0000000000000111111000000000
0000000000000111110000000000
0000000000011111110000000000
0000000000011111100000000000
0000000000011111100000000000
0000000000011110000000000000
0000000000011110000000000000
0000000000111110000000000000
0000000000111110000000000000
0000000000111100000000000000
0000000000111100000000000000
0000000000011100000000000000
0000000000000000000000000000

0000000000000000000000000000
0000000000000000000000000000
0000000000000000000000000000
0000000000000000000000000000
0000000000000000000000000000
0000001111111111000000000000
0000011111111111000000000000
0000011111111111000000000000
0000000000001111000000000000
0000000000011111000000000000
0000000000111110000000000000
0000000001111111000000000000
0000000111111111110000000000
0000000111111111111000011000
0000000111100011111100111000
0000000000000000111111110000
0000000000000000011111100000
0000000000000000111111000000
0000000000000001111110000000
0000000000000011111110000000
0000000000001111111100000000
0000000000001111111100000000
0000000000011111111100000000
0000000000011111110000000000
0000000000011111110000000000
0000000000000000000000000000
0000000000000000000000000000
0000000000000000000000000000

0000000000000000000000000000
0000000000000000000000000000
0000000000011111000000000000
0000000000111111000000000000
0000000000111111000000000000
0000000001111000000000000000
0000000001111000000000000000
0000000001110000000000000000
0000000011110000000000000000
0000000011110000000000000000
0000000011110000000000000000
0000000011110000001111000000
0000000011110000111111100000
0000000011110000111111110000
0000000011110001111111110000
0000000011110001111001110000
0000000011110011110001110000
0000000001111111100111110000
0000000001111111001111100000
0000000000111111111111100000
0000000000011111111111000000
0000000000001111111100000000
0000000000000000000000000000
0000000000000000000000000000
0000000000000000000000000000
0000000000000000000000000000
0000000000000000000000000000
0000000000000000000000000000

0000000000000000000000000000
0000000000000000000000000000
0000000000000000000000000000
0000000000000000000000000000
0000000000000000111000000000
0000000000000000111000000000
0000000000000000111000000000
0000000000000001111000000000
0000000000000001111000000000
0000000000000001111000000000
0000000000000011111000000000
0000000000000111110000000000
0000000000001111100000000000
0000000000001111100000000000
0000000000011111100000000000
0000000000011111100000000000
0000000000001111100000000000
0000000000011111100000000000
0000000000011111000000000000
0000000000011110000000000000
0000000000111110000000000000
0000000000111110000000000000
0000000000111110000000000000
0000000000111110000000000000
0000000000000000000000000000
0000000000000000000000000000
0000000000000000000000000000
0000000000000000000000000000

0000000000000000000000000000
0000000000000000000000000000
0000000000000000000000000000
0000000000000000000000000000
0000000000000000000000000000
0000000000001111111100000000
0000000000011111111110000000
0000000001111111111110000000
0000000001111100111110000000
0000000001110000111100000000
0000000000000111111100000000
0000000000000111111000000000
0000000000011111111000000000
0000000000011111111100000000
0000000000011111111110000000
0000000000000000011110000000
0000000000000000001110000000
0000000000000000001110000000
0000000110000000001110000000
0000001110000000111110000000
0000001110000000111110000000
0000001110000011111100000000
0000000111111111111000000000
0000000111111111100000000000
0000000111111110000000000000
0000000000000000000000000000
0000000000000000000000000000
0000000000000000000000000000

0000000000000000000000000000
0000000000000000000000000000
0000000000000001111000000000
0000000000000001111000000000
0000000000000011111000000000
0000000000000111100000000000
0000000000001111000000000000
0000000000011110000000000000
0000000000011110000000000000
0000000000111100000000000000
0000000000111000000000000000
0000000000111000000000000000
0000000001110000111100000000
0000000001110011111100000000
0000000001110111111110000000
0000000001111111101110000000
0000000001111110001110000000
0000000001111100001110000000
0000000001111101111110000000
0000000000111111111100000000
0000000000111111111100000000
0000000000001111111000000000
0000000000000000000000000000
0000000000000000000000000000
0000000000000000000000000000
0000000000000000000000000000
0000000000000000000000000000
0000000000000000000000000000

0000000000000000000000000000
0000000000000000000000000000
0000000000000000000000000000
0000000000000000000000000000
0000000000000000000000000000
0000000000000000000000000000
0000000000000011111101110000
0000000000000111111111110000
0000000000001111001111100000
0000000000001110000111000000
0000000000001100001111000000
0000000000011100001110000000
0000000000111000111100000000
0000000001110011111000000000
0000000001111111110000000000
0000000001111111100000000000
0000000000111111100000000000
0000000000000111100000000000
0000000000001111000000000000
0000000000011110000000000000
0000000000011000000000000000
0000000000111000000000000000
0000000001111000000000000000
0000000001110000000000000000
0000000001100000000000000000
0000000011100000000000000000
0000000000000000000000000000
0000000000000000000000000000

0000000000000000000000000000
0000000000000000000000000000
0000000000000000000000000000
0000000000000000000000000000
0000000000000000000000000000
0000000001111111100000000000
0000000011111111110000000000
0000000011111111111000000000
0000000011111111111000000000
0000000001111111111000000000
0000000000011111111000000000
0000000000111111111000000000
0000000000111111111000000000
0000000000111111111000000000
0000000000011111111100000000
0000000000001111111100000000
0000000000000001111100000000
0000000000000001111100000000
0000000000000011111100000000
0000000001000111111100000000
0000000011111111111000000000
0000000111111111111000000000
0000000111111111110000000000
0000000111111111100000000000
0000000001111110000000000000
0000000000000000000000000000
0000000000000000000000000000
0000000000000000000000000000

0000000000000000000000000000
0000000000000000000000000000
0000000000000000000000000000
0000000000000000000000000000
0000000000011110000000000000
0000000000011110000000000000
0000000000011110000000000000
0000000000011110000000000000
0000000000011110000000000000
0000000000011111100000000000
0000000000011111100000000000
0000000000011111100000000000
0000000000011111100000000000
0000000000011111100000000000
0000000000011111100000000000
0000000000011111100000000000
0000000000011111100000000000
0000000000011111100000000000
0000000000011111100000000000
0000000000011111110000000000
0000000000001111110000000000
0000000000000111111000000000
0000000000000111111000000000
0000000000000111111000000000
0000000000000000000000000000
0000000000000000000000000000
0000000000000000000000000000
0000000000000000000000000000

0000000000000000000000000000
0000000000000000000000000000
0000000000000000000000000000
0000000000000000000000000000
0000000000000000000000000000
0000000000000000001111100000
0000000000000110011111100000
0000000000001110111111100000
0000000000111111111110000000
0000000001111101111100000000
0000000011111011111100000000
0000001111110111111001000000
0000001111100111111011100000
0000001111100111111111100000
0000011111111111111111100000
0000011111111111111111000000
0000011111111111111110000000
0000011111111111111100000000
0000001111111111111000000000
0000000011111111110000000000
0000000000001111110000000000
0000000000001111111000000000
0000000000001111111000000000
0000000000000111111000000000
0000000000000011110000000000
0000000000000000000000000000
0000000000000000000000000000
0000000000000000000000000000

0000000000000000000000000000
0000000000000000000000000000
0000000000000000000000000000
0000000000000000000000000000
0000000000000000000000000000
0000000001111100000000000000
0000000000111100000000000000
0000000000011100000000000000
0000000000011100000000000000
0000000000011110000000000000
0000000000011111000000000000
0000000000001111000000000000
0000000000001111100000000000
0000000000000111100000000000
0000000000000011100000000000
0000000000000011100000000000
0000000000000011110000000000
0000000000000011110000000000
0000000000000001110000000000
0000000000000001110000000000
0000000000000001110000000000
0000000000000001110000000000
0000000000000001110000000000
0000000000000001111000000000
0000000000000001111000000000
0000000000000000000000000000
0000000000000000000000000000
0000000000000000000000000000

0000000000000000000000000000
0000000000000000000000000000
0000000000000000000000000000
0000000000000000000000000000
0000000000000000000000000000
0000000000000000000000000000
0000000111111111111000000000
0000000111111111111000000000
0000000111111111111000000000
0000000111111111111000000000
0000000000001111110000000000
0000000000001111110000000000
0000000000000111110000000000
0000000011111111111111111110
0000000011111111111111111110
0000000001111111111111111100
0000000000011111111111100000
0000000000011111110000000000
0000000000011111000000000000
0000000000011111000000000000
0000000000011111000000000000
0000000000011111000000000000
0000000000011111000000000000
0000000000011111000000000000
0000000000011110000000000000
0000000000011110000000000000
0000000000000000000000000000
0000000000000000000000000000

0000000000000000000000000000
0000000000000000000000000000
0000000000000000000000000000
0000000000000001111100000000
0000000000000111111111000000
0000000000001111101111000000
0000000000001111000111000000
0000000000011110000000000000
0000000000111100000000000000
0000000001111000000000000000
0000000001111000000000000000
0000000011110000000000000000
0000000011110000000000000000
0000000011100000000000000000
0000000011100000000000000000
0000000011100000000000000000
0000000111100001111100000000
0000000111100111111110000000
0000000011111111111111000000
0000000011111111111111000000
0000000011111100111111000000
0000000001111111111110000000
0000000000111111111000000000
0000000000000000000000000000
0000000000000000000000000000
0000000000000000000000000000
0000000000000000000000000000
0000000000000000000000000000

0000000000000000000000000000
0000000000000000000000000000
0000000000000000000000000000
0000000000000000000000000000
0000000000000000000000000000
0000000000000000000000000000
0000000001111111110000000000
0000000011111111111000000000
0000000111111111111000000000
0000001111111101111100000000
0000001111100001111100000000
0000001111000000111110000000
0000001111000001111110000000
0000001111000011111111000000
0000001111001111111111000000
0000001111111111111110000000
0000001111111111111100000000
0000000111111111111100000000
0000000000111000111100000000
0000000000000000111000000000
0000000000000000111000000000
0000000000000000111000000000
0000000000000000111100000000
0000000000000000111100000000
0000000000000000111100000000
0000000000000000111100000000
0000000000000000000000000000
0000000000000000000000000000

